CASEMANAGER_2: -6184.370117
harrison: 7014.790039
CASEMANAGER_1: -830.419983
