CASEMANAGER_2: -40033.289063
CASEMANAGER_1: -32215.650391
recession: 72248.937500
