h: 2772.800049
CASEMANAGER_1: -2772.800049
