CASEMANAGER_2: -6498.060059
h: 1143.400024
CASEMANAGER_1: 5354.660156
