h: 2955.000000
CASEMANAGER_1: -2955.000000
