CASEMANAGER_2: -1860.160034
CASEMANAGER_1: 1860.160034
